+----+---------------------+--------------+-------------+
| №  |     Дата/время      | Температура  | Осадки (мм) |
+----+---------------------+--------------+-------------+
| 1  | 2025-05-12T00:00    | 5,7          | 0,00        |
| 2  | 2025-05-12T01:00    | 5,4          | 0,00        |
| 3  | 2025-05-12T02:00    | 5,0          | 0,00        |
| 4  | 2025-05-12T03:00    | 4,5          | 0,00        |
| 5  | 2025-05-12T04:00    | 3,8          | 0,00        |
| 6  | 2025-05-12T05:00    | 3,5          | 0,00        |
| 7  | 2025-05-12T06:00    | 4,7          | 0,00        |
| 8  | 2025-05-12T07:00    | 6,2          | 0,00        |
| 9  | 2025-05-12T08:00    | 8,0          | 0,00        |
| 10 | 2025-05-12T09:00    | 10,0         | 0,00        |
| 11 | 2025-05-12T10:00    | 10,9         | 0,00        |
| 12 | 2025-05-12T11:00    | 11,7         | 0,00        |
| 13 | 2025-05-12T12:00    | 12,5         | 0,00        |
| 14 | 2025-05-12T13:00    | 13,0         | 0,00        |
| 15 | 2025-05-12T14:00    | 13,5         | 0,00        |
| 16 | 2025-05-12T15:00    | 13,7         | 0,00        |
| 17 | 2025-05-12T16:00    | 13,7         | 0,00        |
| 18 | 2025-05-12T17:00    | 13,5         | 0,00        |
| 19 | 2025-05-12T18:00    | 13,1         | 0,00        |
| 20 | 2025-05-12T19:00    | 12,0         | 0,00        |
| 21 | 2025-05-12T20:00    | 10,0         | 0,00        |
| 22 | 2025-05-12T21:00    | 8,9          | 0,00        |
| 23 | 2025-05-12T22:00    | 8,3          | 0,00        |
| 24 | 2025-05-12T23:00    | 8,0          | 0,00        |
+----+---------------------+--------------+-------------+
